60,3
60,2
60,1
60,0
59,3
59,2
59,1
59,0
58,3
58,2
58,1
58,0
0,476
0,475
0,474
57,3
57,2
0,473
0,472
57,1
57,0
0,471
0,470
0,469
56,3
56,2
0,468
56,1
56,0
0,467
0,466
0,465
0,464
0,463
55,3
55,2
0,462
55,1
55,0
0,461
0,460
54,3
54,2
54,1
54,0
0,459
0,458
53,3
53,2
53,1
53,0
52,3
52,2
52,1
52,0
0,457
51,3
51,2
0,456
51,1
51,0
50,3
50,2
50,1
50,0
0,455
49,3
49,2
49,1
49,0
0,454
0,453
48,3
48,2
0,452
48,1
48,0
0,451
47,3
47,2
47,1
47,0
46,3
46,2
46,1
46,0
0,450
0,449
0,448
0,447
0,446
0,445
45,3
45,2
0,444
0,443
45,1
45,0
0,442
0,441
0,440
0,439
0,438
0,437
44,3
44,2
0,436
0,435
44,1
44,0
0,434
0,433
0,432
0,431
0,430
0,429
43,3
43,2
0,428
0,427
43,1
43,0
0,426
0,425
0,424
